doc_id,D,name,sex,score_x,score_y
1,51,monica churchill,female,2.23,
2,60,angela waller,female,2.16,
4,168,albalidia torres,male,1.75,
5,219,magalys aulet,male,1.58,
3,92,louisette jean,female,2.03,
6,239,fatima johnson,female,1.53,
7,252,shanteka arvinger,female,1.5,
8,271,luis mora,male,1.43,
9,280,claire aspelly,male,1.41,
10,332,lisa hitzemankhan,female,1.29,
11,367,adriana cardona,female,1.19,
12,373,jessica scirghio,male,1.17,
13,394,caitlin wallace,male,1.13,
14,426,marianne mackiewicz,female,1.07,
15,445,yoan miranda,male,1.02,
16,460,britney vincent,male,0.99,
17,511,jameeka obriant,female,0.88,
18,527,nathalie joseph,female,0.83,
19,530,iyana llanos,female,0.82,
20,590,portia cooper,female,0.71,
21,609,alejandro cabrera,male,0.67,
22,658,gian morales,male,0.6,
23,702,oscar alayo,male,0.53,
24,709,john pitre,male,0.51,
25,736,kendall glasgow,male,0.46,
26,751,mackenson nelson,male,0.43,
27,759,gerald dessalines,male,0.42,
28,814,brandon altenried,male,0.32,
29,821,charles cocuzza,male,0.31,
30,826,raquel stewart,male,0.29,
31,840,michael russo,male,0.27,
32,895,christopher dunn,male,0.15,
33,942,kristina hughes,male,0.06,
34,966,gerald rice,male,0.02,
35,968,precious mccray,male,0.01,
36,1050,briteny williams,female,-0.14,
37,1096,markiesha gill,female,-0.26,
38,1098,keonah dailey,male,-0.27,
39,1116,antwoin graham,male,-0.32,
40,1121,joseph mims,male,-0.34,
41,1143,manuel baker,male,-0.4,
42,1158,robert jones,male,-0.46,
43,1174,chandler tarquino,male,-0.53,
44,1180,anthony myers,male,-0.57,
45,1197,james lapaix,male,-0.65,
46,1201,jameel brinson,male,-0.66,
47,1207,alisha burns,male,-0.71,
48,1240,jerome shaw,male,-0.95,
49,1239,jamal murray,male,-0.95,
50,1246,bryan taylor,male,-1.06,
