doc_id,D,name,sex,score_x,score_y
1,6,leonor ramirez,male,2.82,
2,44,miriam torres,male,2.3,
3,58,ann-marie cassagnol,male,2.18,
14,319,victor chavez,male,1.31,
16,350,anthony edie,male,1.23,
4,75,ivette lopez,female,2.08,
17,389,joshua simons,male,1.14,
18,431,coletter jenkins,male,1.06,
5,88,genevieve savage,female,2.04,
19,433,christian conboy,male,1.05,
20,441,daniot joachim,male,1.03,
6,156,alexandra donovan,female,1.79,2.82
21,445,yoan miranda,male,1.02,
22,475,april mincey,male,0.96,
7,175,charlene cousino,female,1.71,
23,488,kevin sanchez,male,0.93,
24,500,quentin bullard,male,0.9,
8,194,shameka wright,female,1.65,
26,553,luis taveras,male,0.78,
28,714,gibrian wilson,male,0.51,
9,213,kathleen lopez,male,1.59,
29,718,ralph johnson,male,0.5,
32,817,jermaine bowens,male,0.32,
10,221,yolanda smith,female,1.57,
33,838,joevel williams,male,0.27,
34,849,alvaro tinoco,male,0.24,
11,239,fatima johnson,female,1.53,
35,860,josiah hoffman,male,0.22,
36,858,justin bates,male,0.22,
12,241,thajuana allen,male,1.52,
37,867,derion mcreed,male,0.21,
38,892,lester candelaria,male,0.15,
13,256,emily noronha,female,1.48,
39,965,janice demps,male,0.02,
41,1004,marcus albritton,male,-0.07,
15,347,doreena nicholas,female,1.24,
42,1011,james wickman,male,-0.09,
44,1036,lenaris pope,male,-0.13,2.3
25,534,briana adhemar,female,0.82,
45,1089,danny black,male,-0.24,
46,1115,luis ayalaadorno,male,-0.32,
27,677,lisa flowers,female,0.57,
47,1126,robert rose,male,-0.36,
48,1134,devaughn brown,male,-0.38,
30,740,monica mompremier,female,0.45,
49,1166,jonathan waskiw,male,-0.5,
50,1207,alisha burns,male,-0.71,
31,769,valerie corker,female,0.4,
40,964,lorraine loftis,female,0.02,
43,1038,jacqueline battle,female,-0.13,
